Table 2: The Three Dihedrals
Index  Residue  Phi       Psi       Omega
1      ASP      N/A       129.916   -179.581
2      THR      -140.351  177.439   178.763
3      ILE      -157.673  136.877   -179.886
4      CYS      -125.794  149.73    178.322
5      ILE      -107.332  126.287   -179.539
6      GLY      -146.691  -172.138  -179.036
7      TYR      -137.055  145.032   -179.775
8      HIS      -45.921   164.326   179.974
9      ALA      -172.959  158.498   179.768
10     ASN      -164.065  -167.09   -178.284
11     ASN      -85.21    0.372     -179.781
12     SER      -50.456   142.658   179.874
13     THR      -120.397  8.509     179.332
14     ASP      -68.606   138.84    178.431
15     THR      -125.928  145.408   178.868
16     VAL      -123.742  170.2     178.071
17     ASP      -117.37   155.06    177.887
18     THR      -135.235  169.205   -179.397
19     VAL      -66.962   -33.167   -179.63
20     LEU      -87.992   -25.147   -178.39
21     GLU      -151.392  144.812   179.233
22     LYS      -101.534  162.422   177.89
23     ASN      47.6      61.957    179.221
24     VAL      -102.396  127.294   179.777
25     THR      -79.946   132.972   -179.668
26     VAL      -122.091  165.103   -179.612
27     THR      -76.497   -35.966   -179.621
28     HIS      -145.519  150.047   -179.496
29     SER      -167.624  166.861   178.48
30     VAL      -130.001  149.098   179.011
31     ASN      -96.406   135.111   179.618
32     LEU      -106.611  -4.346    -176.222
33     LEU      -106.814  111.808   179.463
34     GLU      -84.439   127.592   -179.268
35     ASP      -134.732  18.479    -179.182
36     SER      -119.161  146.336   179.698
37     HIS      -145.332  169.842   -179.003
38     ASN      -60.487   -43.728   -178.734
39     GLY      82.251    6.569     -177.644
40     LYS      -136.126  149.152   178.795
41     LEU      -86.567   111.648   -176.917
42     CYS      -105.092  -174.472  -179.729
43     LYS      -91.477   149.022   179.427
44     LEU      -119.472  112.256   -179.641
45     LYS      61.314    45.387    178.21
46     GLY      85.586    -46.524   -179.504
47     ILE      -69.571   142.323   179.658
48     ALA      -94.615   163.287   179.884
49     PRO      -75.715   175.374   179.781
50     LEU      -115.897  105.973   178.77
51     GLN      -79.883   141.043   178.598
52     LEU      -108.78   -12.582   179.437
53     GLY      49.033    -111.417  -179.045
54     LYS      -77.25    -7.065    -178.737
55     CYS      -102.292  166.166   177.93
56     ASN      -126.001  175.22    -178.91
57     ILE      -50.412   -44.1     179.934
58     ALA      -58.867   -53.12    179.636
59     GLY      -54.098   -57.359   -179.21
60     TRP      -46.525   -61.432   -178.313
61     LEU      -63.246   -42.988   -179.95
62     LEU      -67.248   -32.703   -179.846
63     GLY      99.334    23.212    178.689
64     ASN      -43.596   139.59    -179.692
65     PRO      -43.835   -55.207   -179.472
66     GLU      -60.79    -13.25    -178.696
67     CYS      -103.434  45.78     179.898
68     ASP      -75.47    -28.093   179.102
69     LEU      -54.18    -43.197   -177.698
70     LEU      -67.895   -21.074   -178.96
71     LEU      -45.25    -35.747   -177.56
72     THR      -83.07    -18.813   -178.763
73     ALA      -62.044   147.512   179.837
74     SER      -143.507  -23.175   179.085
75     SER      -144.636  149.375   -179.42
76     TRP      -157.728  169.254   178.926
77     SER      -100.967  -22.726   178.249
78     TYR      -174.481  142.45    -178.109
79     ILE      -86.503   142.055   -177.948
80     VAL      -127.076  116.265   177.316
81     GLU      -101.017  161.092   -179.93
82     THR      -126.895  -175.489  179.982
83     SER      -68.079   -13.046   -179.573
84     ASN      -126.073  44.123    178.85
85     SER      -98.071   71.836    -178.955
86     GLU      -111.441  4.002     -179.94
87     ASN      -92.607   96.605    179.532
88     GLY      -138.426  -100.603  179.115
89     THR      -76.556   97.103    -179.408
90     CYS      -74.502   -35.64    178.21
91     TYR      -96.74    116.048   -179.543
92     PRO      -40.571   143.856   179.905
93     GLY      161.085   -161.994  179.447
94     ASP      -123.285  146.767   -179.59
95     PHE      -114.513  88.293    -179.264
96     ILE      -51.454   130.692   179.774
97     ASP      52.209    44.524    -179.853
98     TYR      -64.237   -48.83    179.693
99     GLU      -57.445   -40.933   179.01
100    GLU      -66.506   -29.449   179.416
101    LEU      -68.026   -45.367   179.177
102    ARG      -57.277   -44.547   -179.55
103    GLU      -59.173   -38.706   179.419
104    GLN      -63.307   -50.417   179.845
105    LEU      -55.896   -26.168   -179.174
106    SER      -63.304   -13.901   179.171
107    SER      -118.352  25.787    178.67
108    VAL      -113.552  124.257   -178.947
109    SER      -101.301  -19.299   179.63
110    SER      -173.54   157.929   179.023
111    PHE      -149.164  175.051   178.323
112    GLU      -125.279  110.881   179.739
113    LYS      -76.425   135.048   179.999
114    PHE      -153.466  135.773   179.132
115    GLU      -63.288   99.094    -178.734
116    ILE      -71.156   -38.959   -179.57
117    PHE      -129.745  85.965    -179.868
118    PRO      -44.184   126.188   -178.705
119    LYS      -50.412   -54.397   179.559
120    THR      -100.4    86.01     -179.51
121    SER      166.445   -56.712   -178.321
122    SER      -82.666   -0.806    -177.304
123    TRP      -128.958  59.709    179.025
124    PRO      -83.645   177.858   179.765
125    ASN      63.192    -20.251   179.769
126    HIS      -122.221  145.807   -178.771
127    GLU      -94.947   117.29    -179.014
128    THR      -70.443   -65.835   -179.078
129    THR      -61.745   165.045   179.838
130    LYS      78.809    36.542    178.672
131    GLY      -123.311  65.773    -178.934
132    VAL      -134.357  164.99    179.459
133    THR      -145.895  165.159   -179.889
134    ALA      -76.878   -24.215   179.754
135    ALA      -56.902   -36.278   179.248
136    CYS      -116.782  63.941    -178.819
137    SER      -79.116   164.004   -179.858
138    TYR      -150.523  127.327   -179.571
139    ALA      67.812    -10.914   -179.333
140    GLY      132.541   -28.734   179.982
141    ALA      -86.277   173.813   179.229
142    SER      -85.743   152.135   -179.737
143    SER      -158.445  -165.47   -179.12
144    PHE      -152.316  -179.089  -179.756
145    TYR      -64.559   145.158   -178.758
146    ARG      -81.772   -9.26     -178.188
147    ASN      -112.84   -12.554   179.926
148    LEU      -115.889  141.306   -179.367
149    LEU      -113.155  127.649   -179.604
150    TRP      -91.23    97.708    -179.735
151    LEU      -83.26    125.401   179.064
152    THR      -122.495  156.101   -178.926
153    LYS      -50.005   133.935   179.633
154    LYS      -91.809   82.978    -179.094
155    GLY      65.263    75.286    -179.559
156    SER      39.438    23.489    -179.733
157    SER      -125.472  86.0      179.215
158    TYR      -106.317  84.205    179.993
159    PRO      -65.11    167.962   179.545
160    LYS      -79.6     104.51    -179.272
161    LEU      -84.01    153.618   179.363
162    SER      -155.311  104.616   -179.252
163    LYS      -118.783  153.114   -179.939
164    SER      -140.839  163.51    178.977
165    TYR      -144.849  142.316   179.217
166    VAL      -114.556  130.484   -179.118
167    ASN      -78.065   95.393    178.934
168    ASN      -117.2    70.383    -179.13
169    LYS      -134.44   -17.468   -179.452
170    GLY      80.545    -0.628    -179.39
171    LYS      -121.328  -160.788  177.561
172    GLU      -104.593  144.07    178.931
173    VAL      -116.697  125.717   179.372
174    LEU      -91.785   114.562   -179.487
175    VAL      -111.255  125.368   179.771
176    LEU      -117.612  146.339   179.366
177    TRP      -160.12   171.8     -179.514
178    GLY      -137.533  172.964   179.182
179    VAL      -139.83   124.253   -178.476
180    HIS      -89.653   144.164   179.154
181    HIS      -129.965  85.493    -179.986
182    PRO      -55.814   152.363   -179.646
183    PRO      -71.585   -45.054   -178.789
184    THR      -122.242  143.605   179.862
185    GLY      -49.139   -27.75    179.826
186    THR      -61.655   -46.046   -179.37
187    ASP      -65.237   -34.859   178.788
188    GLN      -54.824   -43.172   -179.995
189    GLN      -58.937   -60.958   -178.583
190    SER      -60.505   -12.095   -178.842
191    LEU      -105.347  -52.183   -178.968
192    TYR      -122.978  9.161     -179.363
193    GLN      68.26     -95.213   179.95
194    ASN      -26.664   122.022   -179.441
195    ALA      -64.831   -40.179   179.803
196    ASP      -122.931  88.031    179.856
197    ALA      -99.253   -177.895  179.318
198    TYR      -158.535  162.796   179.194
199    VAL      -129.722  139.124   -178.972
200    SER      -143.267  107.722   179.542
201    VAL      -98.455   145.99    -179.694
202    GLY      -165.513  148.93    179.416
203    SER      -151.021  -154.344  -179.344
204    SER      -73.733   -45.823   -179.971
205    LYS      -102.59   -21.532   -179.958
206    TYR      -97.154   141.334   179.877
207    ASN      -163.621  115.746   -179.906
208    ARG      -162.835  146.696   -178.931
209    ARG      -129.47   132.921   -178.774
210    PHE      -113.739  151.397   179.438
211    THR      -137.476  132.707   -179.678
212    PRO      -54.256   137.098   178.207
213    GLU      -117.606  73.96     -179.256
214    ILE      -67.182   134.645   -179.57
215    ALA      -168.153  -167.719  -179.661
216    ALA      -113.513  118.103   -179.617
217    ARG      -134.384  149.138   179.963
218    PRO      -48.211   162.673   -179.882
219    LYS      -89.816   131.768   179.016
220    VAL      -126.122  115.155   -177.982
221    ARG      58.297    38.339    -179.533
222    ASP      60.021    62.749    179.837
223    GLN      -160.69   127.432   178.705
224    ALA      -105.259  -1.47     178.563
225    GLY      -93.761   170.465   -179.018
226    ARG      -137.375  171.649   179.649
227    MET      -157.322  116.581   179.851
228    ASN      -96.316   131.353   -179.142
229    TYR      -99.581   144.004   -178.367
230    TYR      -134.564  167.299   179.671
231    TRP      -158.326  165.34    177.992
232    THR      -170.727  150.976   179.813
233    LEU      -97.758   113.115   -179.917
234    LEU      -83.866   122.294   -179.004
235    GLU      -70.99    158.938   179.991
236    PRO      -61.594   116.4     -179.671
237    GLY      105.199   -48.168   -179.706
238    ASP      -51.824   166.237   179.914
239    THR      -130.131  131.88    178.085
240    ILE      -101.049  142.227   -178.378
241    THR      -138.435  110.881   178.382
242    PHE      -87.643   145.835   179.127
243    GLU      -153.142  105.451   -179.337
244    ALA      -131.906  170.048   179.32
245    THR      -136.263  32.371    179.819
246    GLY      126.474   148.551   179.242
247    ASN      82.567    -0.521    -179.331
248    LEU      -85.931   104.41    176.473
249    ILE      -78.347   106.035   -175.989
250    ALA      -79.526   153.019   179.776
251    PRO      -69.425   122.364   178.313
252    TRP      -107.665  -44.192   178.089
253    TYR      -126.468  142.722   -179.855
254    ALA      -131.565  174.04    -178.767
255    PHE      -130.712  136.81    177.559
256    ALA      -96.378   117.96    -175.517
257    LEU      -92.502   140.433   177.322
258    ASN      -109.827  111.088   -179.771
259    ARG      -78.558   118.022   177.708
260    GLY      -122.785  162.539   179.84
261    SER      -112.986  166.72    179.167
262    GLY      69.355    27.018    178.967
263    SER      -114.902  179.573   179.706
264    GLY      170.994   175.642   -179.75
265    ILE      -104.001  139.846   178.962
266    ILE      -140.204  157.866   178.655
267    THR      -113.184  118.349   -178.41
268    SER      -156.279  147.009   177.619
269    ASP      -111.74   22.322    179.132
270    ALA      -83.445   140.814   -179.613
271    PRO      -61.741   139.092   178.382
272    VAL      -87.702   136.502   178.848
273    HIS      -133.384  172.93    178.606
274    ASP      -90.929   76.627    -178.09
275    CYS      -136.837  142.542   179.526
276    ASN      -111.443  141.054   -179.625
277    THR      -145.517  173.37    179.404
278    LYS      -111.907  -11.098   -179.3
279    CYS      -146.087  119.748   -179.617
280    GLN      -119.049  144.488   178.822
281    THR      -140.617  160.005   -179.983
282    PRO      -56.698   -19.085   179.627
283    HIS      -92.674   -19.34    179.828
284    GLY      154.141   178.098   179.672
285    ALA      -87.263   148.353   -179.71
286    ILE      -115.357  144.536   179.593
287    ASN      -138.179  87.736    -177.943
288    SER      -147.002  166.424   178.017
289    SER      -123.562  11.494    179.062
290    LEU      -74.759   151.608   -179.542
291    PRO      -71.396   -25.192   -179.896
292    PHE      -130.589  163.785   178.657
293    GLN      -151.514  150.955   -179.637
294    ASN      -128.306  36.881    -178.926
295    ILE      -91.874   -47.942   -178.439
296    HIS      -169.172  137.448   179.448
297    PRO      -69.388   -30.454   179.691
298    VAL      -76.312   127.924   -175.991
299    THR      -140.77   149.455   176.972
300    ILE      -139.402  122.98    -179.074
301    GLY      113.499   -136.426  178.165
302    GLU      -123.784  104.244   -177.087
303    CYS      -121.533  177.736   178.799
304    PRO      -78.231   167.734   -179.683
305    LYS      -77.121   126.09    178.341
306    TYR      -66.737   141.47    -176.833
307    VAL      -154.223  153.081   -179.714
308    ARG      -83.708   -7.623    -178.44
309    SER      -53.79    151.374   178.592
310    THR      -100.451  -33.992   -178.804
311    LYS      -144.303  136.481   178.71
312    LEU      -144.188  80.624    -179.916
313    ARG      -110.285  126.231   -178.856
314    MET      -105.031  124.475   178.977
315    ALA      -65.99    150.171   177.887
316    THR      -134.113  -43.404   178.621
317    GLY      -83.112   -159.367  -179.136
318    LEU      -113.698  175.955   179.468
319    ARG      -56.353   123.652   -177.892
320    ASN      -87.973   105.477   179.7
321    ILE      -115.651  89.163    -179.946
322    PRO      -57.201   -48.809   179.799
323    ALA      43.995    29.21     -179.791
324    ARG      -48.811   16.551    42.299
325    GLY      154.577   126.851   -179.693
326    LEU      -56.614   -25.142   -179.657
327    PHE      -109.58   10.857    178.298
328    GLY      61.679    -1.72     -179.527
329    ALA      -83.469   -80.896   -178.99
330    ILE      -56.826   132.698   -178.587
331    ALA      54.076    29.974    179.512
332    GLY      -130.57   -118.457  179.976
333    PHE      -69.559   -4.809    176.37
334    ILE      -123.06   75.539    -177.716
335    GLU      -28.521   -46.948   -178.424
336    GLY      -147.418  -178.203  -178.832
337    GLY      -103.706  160.908   -179.617
338    TRP      -95.521   101.921   179.399
339    THR      -60.339   -16.469   -179.928
340    GLY      -71.485   -65.471   -179.406
341    MET      -49.001   121.226   -179.321
342    ILE      -133.301  26.645    179.724
343    ASP      -100.592  -15.378   -179.416
344    GLY      -177.755  -162.873  -179.039
345    TRP      -92.615   -35.72    -179.759
346    TYR      -122.081  137.659   -179.914
347    GLY      -162.548  -167.723  -179.457
348    TYR      -120.916  159.589   178.972
349    HIS      -95.676   -81.769   179.201
350    HIS      83.531    124.523   179.984
351    GLN      -134.509  84.442    -179.596
352    ASN      -103.399  155.012   179.413
353    GLU      -35.242   -59.48    -179.413
354    GLN      -48.784   -9.248    179.485
355    GLY      128.437   172.973   -179.546
356    SER      -97.095   -162.756  179.774
357    GLY      149.414   -178.405  179.334
358    TYR      -136.067  146.036   179.255
359    ALA      -153.758  117.456   -179.49
360    ALA      -78.657   147.827   179.425
361    ASP      -89.43    112.717   -179.458
362    GLN      -56.9     -53.634   179.514
363    LYS      -38.368   -60.338   -179.284
364    SER      -61.659   -68.841   -178.541
365    THR      -46.422   -40.576   -179.564
366    GLN      -68.459   -39.357   178.977
367    ASN      -64.263   -46.374   179.035
368    ALA      -57.006   -44.078   -179.687
369    ILE      -61.396   -51.45    -179.796
370    ASP      -55.716   -42.582   179.566
371    GLY      -62.385   -64.135   -179.843
372    ILE      -47.337   -42.435   -179.793
373    THR      -62.364   -42.43    -179.658
374    ASN      -64.69    -36.681   179.415
375    LYS      -63.296   -53.75    -178.795
376    VAL      -58.117   -35.489   179.522
377    ASN      -71.76    -33.605   -179.465
378    SER      -69.094   -37.872   179.915
379    VAL      -67.929   -39.234   179.901
380    ILE      -72.377   -25.738   -179.985
381    GLU      -68.418   -45.466   -178.875
382    LYS      -62.334   -16.554   -179.669
383    MET      -99.665   80.739    179.518
384    ASN      -56.066   144.148   179.357
385    THR      -68.268   151.472   -179.323
386    GLN      -88.437   131.46    178.578
387    PHE      -97.074   -170.819  -178.573
388    THR      -47.438   133.817   -179.526
389    ALA      -153.54   95.38     -179.849
390    VAL      -108.73   162.134   -179.737
391    GLY      -68.745   -176.937  179.35
392    LYS      -136.337  158.962   -179.719
393    GLU      -118.924  152.256   -178.343
394    PHE      -139.264  141.964   178.706
395    ASN      -80.826   168.284   -177.288
396    ASN      -63.771   9.09      177.227
397    LEU      -125.731  16.922    179.078
398    GLU      -124.821  43.836    -178.329
399    ARG      -69.576   -44.173   179.769
400    ARG      -61.062   -49.139   179.763
401    ILE      -63.658   -38.222   178.726
402    GLU      -60.729   -43.346   -179.531
403    ASN      -72.374   -30.031   179.426
404    LEU      -63.141   -46.834   -179.564
405    ASN      -61.02    -36.039   -179.659
406    LYS      -69.401   -42.771   179.937
407    LYS      -61.143   -41.583   -179.796
408    VAL      -63.869   -50.776   -179.141
409    ASP      -59.719   -45.57    -179.659
410    ASP      -66.954   -38.61    -179.472
411    GLY      -58.657   -48.266   -179.999
412    PHE      -64.772   -39.426   179.896
413    LEU      -61.004   -41.397   179.242
414    ASP      -61.061   -48.178   -178.385
415    ILE      -61.498   -47.727   -179.016
416    TRP      -63.315   -39.805   178.395
417    THR      -62.183   -46.279   179.337
418    TYR      -60.113   -48.616   -178.854
419    ASN      -59.258   -48.287   -178.971
420    ALA      -60.297   -52.819   -179.266
421    GLU      -59.151   -41.623   -179.582
422    LEU      -68.451   -43.688   -178.849
423    LEU      -57.317   -47.519   -179.847
424    VAL      -60.542   -47.013   179.156
425    LEU      -56.976   -47.706   -178.845
426    LEU      -70.458   -43.112   179.689
427    GLU      -68.916   -28.532   178.807
428    ASN      -62.704   -46.87    178.968
429    GLU      -55.619   -45.984   -179.249
430    ARG      -62.804   -35.263   -179.687
431    THR      -70.008   -46.903   179.513
432    LEU      -59.012   -41.381   178.916
433    ASP      -67.164   -32.221   179.141
434    PHE      -57.47    -53.03    179.278
435    HIS      -57.439   -50.342   179.344
436    ASP      -51.941   -44.576   179.846
437    SER      -65.929   -44.182   179.821
438    ASN      -56.125   -47.823   179.489
439    VAL      -59.393   -54.775   -179.987
440    ARG      -54.04    -38.483   -179.533
441    ASN      -67.276   -34.341   179.43
442    LEU      -67.246   -46.718   179.351
443    TYR      -48.907   -57.666   -178.849
444    GLU      -68.949   -8.946    178.39
445    LYS      -82.991   -31.612   178.274
446    VAL      -79.92    -54.157   179.854
447    LYS      -46.918   -37.142   -179.535
448    SER      -77.212   -14.123   178.659
449    GLN      -81.546   -57.19    -179.839
450    LEU      -58.329   -74.633   -179.453
451    LYS      80.411    -103.617  -179.185
452    ASN      -82.965   -37.04    -178.101
453    ASN      -56.375   0.745     179.13
454    ALA      -167.287  162.502   -179.739
455    LYS      -123.337  142.99    179.731
456    GLU      -71.487   118.74    178.97
457    ILE      -95.709   -103.276  179.39
458    GLY      -142.416  179.411   179.772
459    ASN      40.432    37.152    178.787
460    GLY      59.678    35.855    178.211
461    CYS      -110.631  145.585   178.204
462    PHE      -112.442  145.684   178.565
463    GLU      -113.338  114.77    -179.195
464    PHE      -63.987   144.621   178.246
465    TYR      -97.508   -46.432   -179.612
466    HIS      -89.538   30.7      179.525
467    LYS      15.269    104.585   -178.591
468    CYS      -110.629  153.56    -178.767
469    ASP      -85.728   -175.145  179.405
470    ASP      -61.708   -31.677   179.507
471    ALA      -69.637   -26.414   -179.801
472    CYS      -85.772   -41.275   179.187
473    MET      -54.874   -33.216   -179.734
474    GLU      -74.619   -8.45     178.15
475    SER      -94.776   -16.476   179.226
476    VAL      -83.459   -58.458   178.543
477    ARG      -74.03    40.276    -179.213
478    ASN      -150.34   -30.752   179.018
479    GLY      100.573   -4.552    179.592
480    THR      -74.808   -72.753   178.68
481    TYR      41.135    -89.023   179.645
482    ASP      66.558    110.042   -179.662
483    TYR      165.191   73.554    -179.823
484    PRO      -43.99    158.647   -72.571
485    ASP      35.706    130.445   -179.747
486    THR      -140.171  177.49    178.871
487    ILE      -157.833  136.509   -179.839
488    CYS      -125.543  150.504   178.052
489    ILE      -107.528  126.563   -179.193
490    GLY      -146.595  -172.758  -178.73
491    TYR      -137.317  145.175   -179.689
492    HIS      -45.602   163.913   179.407
493    ALA      -172.156  159.121   -179.606
494    ASN      -165.464  -168.607  -177.831
495    ASN      -84.295   1.433     -179.478
496    SER      -51.173   142.338   -179.505
497    THR      -120.855  8.491     179.261
498    ASP      -68.562   138.051   179.057
499    THR      -125.356  145.441   179.141
500    VAL      -124.983  169.089   178.767
501    ASP      -116.119  156.282   177.561
502    THR      -136.094  169.408   -179.756
503    VAL      -66.948   -32.512   -179.318
504    LEU      -87.801   -25.293   -178.044
505    GLU      -151.182  143.634   178.757
506    LYS      -100.517  164.854   179.011
507    ASN      44.94     61.771    178.646
508    VAL      -101.712  126.46    179.869
509    THR      -79.782   132.664   179.873
510    VAL      -121.629  165.331   -179.138
511    THR      -75.55    -37.818   -179.839
512    HIS      -144.257  149.301   -179.591
513    SER      -165.866  167.215   178.052
514    VAL      -129.693  148.218   178.248
515    ASN      -94.533   137.625   179.303
516    LEU      -109.151  -4.311    -177.149
517    LEU      -106.238  110.883   179.602
518    GLU      -83.392   126.027   -178.745
519    ASP      -133.973  18.976    -179.545
520    SER      -119.277  144.276   -179.815
521    HIS      -143.794  169.297   -178.84
522    ASN      -60.459   -43.448   -178.881
523    GLY      82.751    5.144     -178.177
524    LYS      -135.328  151.045   179.024
525    LEU      -87.532   111.535   -176.907
526    CYS      -104.081  -174.263  -179.87
527    LYS      -91.947   149.356   179.219
528    LEU      -119.875  112.297   -178.791
529    LYS      61.106    46.293    178.762
530    GLY      84.661    -44.962   -179.431
531    ILE      -70.836   141.84    179.886
532    ALA      -95.04    163.229   179.904
533    PRO      -75.554   176.354   179.244
534    LEU      -116.155  107.827   179.429
535    GLN      -81.363   142.018   178.402
536    LEU      -109.604  -12.883   179.534
537    GLY      49.332    -111.759  -178.563
538    LYS      -77.562   -6.585    -179.37
539    CYS      -102.462  164.867   177.299
540    ASN      -124.13   174.713   -179.118
541    ILE      -49.74    -43.686   179.857
542    ALA      -58.982   -53.588   179.677
543    GLY      -53.724   -56.333   -179.924
544    TRP      -47.153   -61.488   -179.177
545    LEU      -62.776   -43.946   -179.931
546    LEU      -67.026   -32.538   179.941
547    GLY      98.861    23.802    178.747
548    ASN      -44.091   139.64    -179.795
549    PRO      -43.804   -54.395   -179.126
550    GLU      -61.298   -14.384   -178.394
551    CYS      -102.393  46.067    -179.592
552    ASP      -76.239   -26.831   179.292
553    LEU      -54.936   -43.763   -177.831
554    LEU      -67.452   -20.106   -178.826
555    LEU      -46.292   -36.394   -178.205
556    THR      -82.463   -17.954   -178.835
557    ALA      -62.706   147.497   -179.768
558    SER      -143.861  -24.308   179.151
559    SER      -144.055  148.004   -179.178
560    TRP      -156.933  168.734   179.211
561    SER      -100.789  -21.781   178.753
562    TYR      -175.537  142.394   -178.921
563    ILE      -85.968   141.392   -177.9
564    VAL      -126.158  116.059   177.03
565    GLU      -101.572  161.11    -179.568
566    THR      -126.015  -173.517  -179.706
567    SER      -70.168   -13.16    -179.924
568    ASN      -126.139  45.196    178.622
569    SER      -98.972   71.143    -178.362
570    GLU      -110.667  3.091     -179.87
571    ASN      -91.701   96.513    179.968
572    GLY      -138.598  -100.324  179.055
573    THR      -77.339   96.121    -179.812
574    CYS      -73.831   -35.977   177.722
575    TYR      -95.745   116.071   -179.452
576    PRO      -40.801   144.69    179.746
577    GLY      159.955   -161.186  179.788
578    ASP      -123.582  147.96    179.428
579    PHE      -115.192  88.942    -179.118
580    ILE      -52.055   129.693   179.811
581    ASP      53.438    44.423    -179.342
582    TYR      -64.64    -47.867   178.872
583    GLU      -57.91    -41.267   179.498
584    GLU      -65.776   -29.684   179.336
585    LEU      -68.381   -43.773   178.443
586    ARG      -58.789   -44.919   -179.854
587    GLU      -58.407   -39.508   179.244
588    GLN      -63.419   -48.832   -179.516
589    LEU      -57.509   -26.452   -179.289
590    SER      -62.64    -14.495   178.934
591    SER      -118.185  25.518    178.067
592    VAL      -113.085  124.922   -178.999
593    SER      -101.268  -20.695   -179.796
594    SER      -172.682  157.872   178.963
595    PHE      -149.206  175.206   178.321
596    GLU      -125.304  110.299   179.892
597    LYS      -76.175   135.164   -179.969
598    PHE      -153.87   135.333   179.475
599    GLU      -63.179   99.932    -179.166
600    ILE      -72.037   -38.348   179.665
601    PHE      -129.944  85.942    -179.724
602    PRO      -43.66    125.785   -178.533
603    LYS      -50.694   -53.644   179.49
604    THR      -100.777  86.765    -179.646
605    SER      166.111   -57.749   -178.082
606    SER      -81.816   -1.151    -177.479
607    TRP      -128.505  59.861    179.001
608    PRO      -83.844   177.531   179.992
609    ASN      63.397    -20.292   179.697
610    HIS      -122.32   145.445   -178.714
611    GLU      -95.306   117.128   -179.242
612    THR      -69.642   -65.679   -179.163
613    THR      -62.36    164.869   -179.805
614    LYS      78.522    37.146    178.692
615    GLY      -123.779  64.941    -178.615
616    VAL      -134.177  165.039   179.655
617    THR      -146.162  165.701   -179.843
618    ALA      -77.286   -23.888   179.458
619    ALA      -57.1     -36.044   178.874
620    CYS      -117.215  63.964    -179.043
621    SER      -78.976   163.648   179.952
622    TYR      -150.397  127.168   -179.348
623    ALA      67.822    -10.912   -179.557
624    GLY      133.564   -29.992   179.775
625    ALA      -85.301   173.751   179.446
626    SER      -86.111   152.21    179.973
627    SER      -158.545  -165.819  -179.164
628    PHE      -152.031  -179.159  179.949
629    TYR      -63.96    145.229   -179.039
630    ARG      -81.744   -9.254    -178.105
631    ASN      -112.77   -13.075   179.798
632    LEU      -115.622  141.187   -179.395
633    LEU      -113.389  126.843   -179.383
634    TRP      -90.492   96.625    -179.866
635    LEU      -82.499   125.25    179.256
636    THR      -122.279  155.988   -179.093
637    LYS      -49.527   134.108   179.369
638    LYS      -91.961   82.938    -178.608
639    GLY      65.463    74.794    -179.226
640    SER      39.478    23.766    -179.537
641    SER      -126.055  86.229    179.205
642    TYR      -106.755  83.887    179.935
643    PRO      -64.936   167.976   179.684
644    LYS      -79.891   104.773   -179.563
645    LEU      -83.643   152.586   179.041
646    SER      -153.871  104.558   -179.444
647    LYS      -118.526  153.34    -179.826
648    SER      -141.709  163.415   179.365
649    TYR      -145.093  142.555   178.845
650    VAL      -114.02   130.913   -179.508
651    ASN      -78.604   95.783    178.332
652    ASN      -117.446  69.726    -179.199
653    LYS      -133.98   -16.377   -179.693
654    GLY      79.54     -1.236    -178.941
655    LYS      -120.992  -160.327  177.793
656    GLU      -105.187  145.001   178.643
657    VAL      -117.732  125.728   179.57
658    LEU      -91.7     114.096   -179.986
659    VAL      -110.289  124.382   179.822
660    LEU      -116.87   146.737   179.662
661    TRP      -160.988  171.61    -179.068
662    GLY      -137.748  172.527   179.766
663    VAL      -139.426  124.162   -178.716
664    HIS      -89.814   144.108   179.417
665    HIS      -129.891  85.211    179.862
666    PRO      -55.435   152.581   -179.569
667    PRO      -71.521   -45.192   -178.921
668    THR      -122.366  143.885   -179.978
669    GLY      -49.267   -27.631   -179.997
670    THR      -61.848   -45.852   -179.358
671    ASP      -65.441   -34.948   178.841
672    GLN      -54.406   -43.337   -179.892
673    GLN      -58.713   -61.671   -178.691
674    SER      -59.665   -12.369   -178.888
675    LEU      -105.032  -52.293   -178.905
676    TYR      -122.665  8.924     -179.021
677    GLN      68.554    -95.501   179.797
678    ASN      -26.471   122.679   -179.233
679    ALA      -65.483   -40.308   179.799
680    ASP      -122.938  87.528    179.913
681    ALA      -99.063   -178.315  179.382
682    TYR      -158.23   162.75    178.733
683    VAL      -129.107  139.157   -179.238
684    SER      -142.717  108.552   179.432
685    VAL      -99.325   145.13    -179.617
686    GLY      -164.308  148.343   178.84
687    SER      -150.414  -153.93   -179.714
688    SER      -73.438   -46.362   -179.424
689    LYS      -102.219  -22.13    -179.438
690    TYR      -96.682   141.579   -179.78
691    ASN      -164.599  115.597   -179.667
692    ARG      -163.1    146.827   -178.766
693    ARG      -129.437  132.89    -178.367
694    PHE      -114.215  151.59    179.455
695    THR      -137.778  133.095   -179.743
696    PRO      -54.32    136.405   178.743
697    GLU      -117.935  73.672    -179.669
698    ILE      -66.479   135.19    -179.38
699    ALA      -168.42   -168.016  -179.666
700    ALA      -113.679  117.659   -179.635
701    ARG      -134.269  149.039   179.898
702    PRO      -47.936   162.598   179.763
703    LYS      -89.295   131.738   178.993
704    VAL      -126.14   115.324   -177.943
705    ARG      57.718    38.155    -179.829
706    ASP      60.662    62.012    179.882
707    GLN      -160.069  128.031   178.531
708    ALA      -105.266  -2.313    178.535
709    GLY      -92.462   170.041   -179.325
710    ARG      -136.628  172.191   179.597
711    MET      -158.287  116.439   -179.89
712    ASN      -96.437   131.845   -179.617
713    TYR      -100.056  144.77    -178.726
714    TYR      -134.939  167.707   179.435
715    TRP      -158.278  165.406   177.573
716    THR      -170.809  150.342   179.78
717    LEU      -96.604   113.098   179.851
718    LEU      -83.22    123.572   -179.181
719    GLU      -71.309   159.675   179.9
720    PRO      -62.058   116.832   179.71
721    GLY      105.592   -47.775   179.849
722    ASP      -52.56    166.326   -179.363
723    THR      -130.594  133.598   178.271
724    ILE      -102.678  142.837   -178.028
725    THR      -138.516  110.624   178.367
726    PHE      -87.821   146.678   179.031
727    GLU      -153.394  105.416   -179.402
728    ALA      -131.934  169.563   179.554
729    THR      -136.004  32.672    -179.83
730    GLY      126.229   148.537   179.111
731    ASN      82.271    -0.353    -179.486
732    LEU      -86.226   104.574   176.477
733    ILE      -78.402   105.758   -175.994
734    ALA      -79.328   153.697   179.538
735    PRO      -69.86    121.775   178.079
736    TRP      -107.493  -43.608   177.719
737    TYR      -127.067  143.131   -179.941
738    ALA      -131.445  172.875   -178.184
739    PHE      -129.637  137.485   177.66
740    ALA      -96.484   118.096   -175.643
741    LEU      -92.988   139.2     178.595
742    ASN      -109.291  110.902   -179.73
743    ARG      -78.924   119.875   177.611
744    GLY      -123.322  161.847   179.45
745    SER      -113.233  166.158   179.368
746    GLY      69.406    28.568    179.099
747    SER      -116.457  178.871   179.426
748    GLY      170.929   176.431   179.741
749    ILE      -104.231  137.875   179.03
750    ILE      -138.471  158.138   177.958
751    THR      -113.182  119.561   -178.955
752    SER      -156.882  147.629   178.181
753    ASP      -112.032  22.13     179.744
754    ALA      -83.642   141.648   -179.779
755    PRO      -62.03    138.766   177.524
756    VAL      -87.136   134.197   178.634
757    HIS      -132.151  172.555   178.294
758    ASP      -89.457   76.818    -178.258
759    CYS      -136.359  143.049   179.591
760    ASN      -112.274  141.058   -179.763
761    THR      -144.686  172.399   178.714
762    LYS      -110.55   -11.362   -179.048
763    CYS      -145.751  120.666   -179.879
764    GLN      -119.79   144.47    178.051
765    THR      -139.955  160.258   179.967
766    PRO      -56.679   -18.547   179.719
767    HIS      -92.93    -19.191   -179.422
768    GLY      152.896   177.303   179.839
769    ALA      -86.672   147.833   -179.856
770    ILE      -114.898  145.179   179.367
771    ASN      -137.793  86.797    -177.272
772    SER      -146.242  165.122   178.195
773    SER      -122.462  10.047    178.518
774    LEU      -73.286   151.48    -179.512
775    PRO      -71.912   -25.216   179.701
776    PHE      -130.631  165.465   178.572
777    GLN      -152.213  151.553   179.389
778    ASN      -128.662  38.473    -178.835
779    ILE      -92.734   -49.789   -179.296
780    HIS      -166.838  137.681   179.499
781    PRO      -69.803   -29.007   179.044
782    VAL      -76.77    128.117   -175.326
783    THR      -141.913  149.406   177.126
784    ILE      -139.979  121.748   -179.359
785    GLY      114.257   -135.668  178.105
786    GLU      -124.489  104.195   -177.124
787    CYS      -120.978  177.355   178.95
788    PRO      -78.166   166.807   -179.798
789    LYS      -76.291   127.048   179.545
790    TYR      -68.459   140.398   -177.342
791    VAL      -152.353  155.312   -179.375
792    ARG      -85.37    -7.743    -178.393
793    SER      -53.549   152.556   178.268
794    THR      -101.737  -35.11    -178.978
795    LYS      -143.739  137.193   178.733
796    LEU      -144.425  81.907    -179.86
797    ARG      -110.981  127.492   -178.821
798    MET      -106.489  124.823   178.873
799    ALA      -66.362   148.623   178.416
800    THR      -132.953  -44.203   178.42
801    GLY      -81.171   -159.41   -179.328
802    LEU      -113.929  176.526   179.039
803    ARG      -57.115   122.788   -177.517
804    ASN      -87.607   105.965   179.643
805    ILE      -116.315  88.714    -179.912
806    PRO      -56.629   -48.999   179.844
807    ALA      44.304    29.27     -179.81
808    ARG      -48.772   16.267    42.948
809    GLY      154.843   127.488   -179.32
810    LEU      -58.403   -24.417   -179.961
811    PHE      -110.021  9.597     178.172
812    GLY      64.208    -2.189    -179.77
813    ALA      -83.793   -80.014   -178.939
814    ILE      -57.471   132.648   -178.343
815    ALA      54.808    28.615    -179.928
816    GLY      -130.475  -118.726  -179.463
817    PHE      -69.057   -5.303    176.384
818    ILE      -122.547  76.573    -177.676
819    GLU      -29.018   -47.734   -178.73
820    GLY      -146.16   -177.484  -179.203
821    GLY      -103.992  160.396   179.988
822    TRP      -94.812   102.158   179.354
823    THR      -60.734   -16.001   179.843
824    GLY      -70.904   -66.42    -179.554
825    MET      -48.269   120.705   -179.361
826    ILE      -132.82   26.482    -179.871
827    ASP      -100.546  -14.872   -179.218
828    GLY      -179.022  -162.72   -179.285
829    TRP      -92.374   -35.713   -179.358
830    TYR      -122.12   137.214   -179.81
831    GLY      -162.182  -167.93   -179.509
832    TYR      -120.445  158.998   178.57
833    HIS      -95.574   -81.19    179.011
834    HIS      82.973    124.233   -179.859
835    GLN      -134.515  84.279    -179.333
836    ASN      -103.641  155.136   179.639
837    GLU      -35.454   -59.42    -179.249
838    GLN      -49.001   -9.252    179.601
839    GLY      129.13    172.516   -179.446
840    SER      -97.181   -162.254  179.563
841    GLY      149.184   -178.37   179.156
842    TYR      -136.069  146.432   179.243
843    ALA      -153.93   116.846   -179.778
844    ALA      -77.823   147.498   179.461
845    ASP      -89.448   112.067   -179.641
846    GLN      -56.351   -54.629   179.199
847    LYS      -37.352   -60.911   -179.492
848    SER      -61.399   -68.224   -178.731
849    THR      -47.083   -39.538   -179.586
850    GLN      -69.004   -39.112   179.661
851    ASN      -64.894   -46.155   179.781
852    ALA      -57.421   -44.104   179.762
853    ILE      -60.534   -50.95    179.145
854    ASP      -56.288   -43.104   179.715
855    GLY      -62.002   -63.629   179.765
856    ILE      -47.741   -42.581   179.996
857    THR      -62.269   -43.723   -179.823
858    ASN      -63.967   -36.213   179.138
859    LYS      -63.426   -53.969   -179.406
860    VAL      -57.574   -35.202   179.151
861    ASN      -72.238   -35.594   179.775
862    SER      -66.726   -38.861   179.626
863    VAL      -66.784   -39.755   -179.867
864    ILE      -72.159   -26.209   179.85
865    GLU      -67.623   -45.438   -178.397
866    LYS      -63.074   -16.335   -179.095
867    MET      -99.876   82.29     179.395
868    ASN      -57.57    143.503   179.734
869    THR      -67.842   151.915   -179.033
870    GLN      -89.01    133.201   178.511
871    PHE      -97.895   -171.731  -178.172
872    THR      -47.759   134.296   -179.902
873    ALA      -153.643  96.424    -179.747
874    VAL      -109.467  162.261   -179.981
875    GLY      -68.543   -177.884  179.21
876    LYS      -134.625  160.011   -179.833
877    GLU      -120.011  151.42    -178.455
878    PHE      -138.799  141.575   179.281
879    ASN      -80.278   168.287   -178.135
880    ASN      -63.491   9.504     177.223
881    LEU      -126.45   15.712    179.1
882    GLU      -123.13   44.27     -178.058
883    ARG      -69.235   -44.725   -179.652
884    ARG      -60.196   -49.28    179.745
885    ILE      -62.842   -39.26    179.091
886    GLU      -60.0     -42.856   -178.945
887    ASN      -73.942   -29.307   179.585
888    LEU      -64.55    -45.617   179.295
889    ASN      -61.85    -37.0     -179.497
890    LYS      -67.571   -45.082   -179.183
891    LYS      -59.785   -39.741   179.989
892    VAL      -65.388   -50.151   -178.605
893    ASP      -59.771   -47.078   -179.439
894    ASP      -65.171   -40.46    179.691
895    GLY      -58.171   -49.347   178.627
896    PHE      -62.353   -40.944   -179.694
897    LEU      -60.087   -40.763   179.016
898    ASP      -61.329   -48.55    -178.703
899    ILE      -61.004   -47.739   179.913
900    TRP      -63.74    -39.182   179.399
901    THR      -62.447   -46.058   179.707
902    TYR      -60.244   -49.292   -179.762
903    ASN      -58.735   -48.268   -179.634
904    ALA      -60.038   -54.117   -179.65
905    GLU      -58.502   -42.735   -178.987
906    LEU      -67.857   -43.529   -179.183
907    LEU      -56.437   -47.045   -179.468
908    VAL      -61.182   -48.028   179.717
909    LEU      -55.566   -49.469   -178.157
910    LEU      -68.601   -43.519   179.91
911    GLU      -69.037   -27.68    178.65
912    ASN      -63.768   -46.682   178.682
913    GLU      -55.366   -45.756   -179.073
914    ARG      -63.369   -34.409   -179.152
915    THR      -70.209   -48.39    179.946
916    LEU      -58.392   -40.937   178.889
917    ASP      -67.756   -31.282   179.265
918    PHE      -58.51    -52.984   179.366
919    HIS      -57.622   -49.064   179.163
920    ASP      -52.424   -45.497   179.258
921    SER      -64.539   -44.199   179.537
922    ASN      -56.638   -48.421   179.106
923    VAL      -59.547   -53.358   179.164
924    ARG      -54.774   -39.914   -179.576
925    ASN      -65.816   -35.385   179.012
926    LEU      -66.732   -46.944   179.347
927    TYR      -48.798   -57.732   -179.01
928    GLU      -68.694   -7.908    178.472
929    LYS      -83.873   -32.201   178.474
930    VAL      -79.748   -54.663   179.733
931    LYS      -46.717   -37.174   -179.37
932    SER      -76.914   -14.913   178.924
933    GLN      -80.936   -57.453   179.895
934    LEU      -58.178   -73.71    -179.552
935    LYS      79.822    -103.067  -179.065
936    ASN      -83.076   -37.656   -177.911
937    ASN      -56.026   1.309     179.142
938    ALA      -167.914  163.07    -179.651
939    LYS      -123.706  142.945   179.778
940    GLU      -71.184   118.995   179.202
941    ILE      -96.275   -102.846  179.268
942    GLY      -142.902  179.453   -179.881
943    ASN      39.921    37.596    178.478
944    GLY      59.679    35.504    178.486
945    CYS      -110.49   146.356   177.95
946    PHE      -112.355  146.379   178.351
947    GLU      -114.014  114.94    -179.225
948    PHE      -64.171   144.934   177.946
949    TYR      -97.253   -46.924   -179.548
950    HIS      -89.25    30.213    179.405
951    LYS      15.518    104.334   -178.598
952    CYS      -110.213  153.748   -178.762
953    ASP      -85.99    -175.402  179.761
954    ASP      -61.303   -31.412   179.408
955    ALA      -69.866   -26.456   -179.65
956    CYS      -85.932   -41.294   179.223
957    MET      -54.91    -33.262   179.97
958    GLU      -74.383   -8.494    178.467
959    SER      -94.546   -16.607   179.324
960    VAL      -83.26    -59.221   178.206
961    ARG      -73.692   40.668    -179.368
962    ASN      -150.873  -29.092   178.949
963    GLY      98.217    -3.444    179.898
964    THR      -75.068   -73.038   178.811
965    TYR      41.695    -89.173   179.691
966    ASP      66.798    110.15    -179.761
967    TYR      165.093   74.129    -179.799
968    PRO      -44.449   159.789   -73.281
969    ASP      34.67     130.26    -179.427
970    THR      -140.174  177.151   178.732
971    ILE      -157.377  136.719   -179.459
972    CYS      -125.655  149.787   178.546
973    ILE      -107.732  126.759   -179.239
974    GLY      -147.075  -172.157  -178.772
975    TYR      -137.703  145.552   -179.421
976    HIS      -46.419   163.816   179.89
977    ALA      -172.103  158.043   179.473
978    ASN      -163.833  -166.672  -177.633
979    ASN      -86.212   1.443     -179.783
980    SER      -51.059   142.082   179.358
981    THR      -120.2    10.222    179.128
982    ASP      -70.752   138.314   179.217
983    THR      -125.693  145.529   179.281
984    VAL      -124.537  168.704   178.124
985    ASP      -116.119  154.544   178.066
986    THR      -134.61   169.323   -179.858
987    VAL      -66.579   -34.017   -179.651
988    LEU      -86.834   -24.351   -177.909
989    GLU      -152.228  143.794   178.786
990    LYS      -101.388  164.083   179.248
991    ASN      45.409    62.462    179.144
992    VAL      -101.927  127.193   -179.872
993    THR      -81.54    132.747   -179.778
994    VAL      -121.907  164.606   -178.696
995    THR      -75.193   -36.869   -179.84
996    HIS      -144.85   148.89    -179.296
997    SER      -166.055  168.518   178.745
998    VAL      -131.635  148.8     178.61
999    ASN      -96.336   137.288   -179.726
1000   LEU      -109.749  -2.761    -176.703
1001   LEU      -107.37   111.808   -179.933
1002   GLU      -85.692   125.859   -179.379
1003   ASP      -132.951  19.63     -178.834
1004   SER      -120.725  146.022   179.253
1005   HIS      -144.965  168.189   -179.448
1006   ASN      -57.659   -44.198   -178.375
1007   GLY      83.296    4.466     -177.876
1008   LYS      -134.762  150.805   178.549
1009   LEU      -87.048   112.197   -177.136
1010   CYS      -104.185  -173.35   179.976
1011   LYS      -92.911   149.028   179.237
1012   LEU      -119.446  112.778   -179.746
1013   LYS      61.028    44.548    178.417
1014   GLY      86.592    -45.929   -179.33
1015   ILE      -69.826   142.718   179.433
1016   ALA      -95.09    163.27    179.752
1017   PRO      -75.766   176.014   179.428
1018   LEU      -116.199  107.298   179.158
1019   GLN      -81.264   142.338   178.229
1020   LEU      -109.202  -12.287   -179.936
1021   GLY      48.639    -111.81   -178.724
1022   LYS      -77.191   -6.543    -179.066
1023   CYS      -102.756  165.358   177.464
1024   ASN      -124.565  174.316   -179.703
1025   ILE      -48.597   -44.96    -179.648
1026   ALA      -57.537   -55.205   179.305
1027   GLY      -52.355   -56.695   -179.898
1028   TRP      -47.239   -61.715   -178.787
1029   LEU      -62.691   -43.586   179.943
1030   LEU      -67.254   -32.26    -179.914
1031   GLY      98.447    24.32     178.89
1032   ASN      -44.121   139.741   -179.62
1033   PRO      -43.908   -55.503   -179.188
1034   GLU      -59.748   -14.979   -177.964
1035   CYS      -102.443  46.1      179.687
1036   ASP      -75.613   -27.274   179.38
1037   LEU      -54.477   -44.127   -177.899
1038   LEU      -67.227   -20.687   -178.836
1039   LEU      -45.294   -36.563   -177.793
1040   THR      -82.511   -18.063   -178.53
1041   ALA      -62.862   147.896   179.988
1042   SER      -144.136  -23.399   178.82
1043   SER      -144.119  148.787   -178.853
1044   TRP      -157.838  168.791   179.39
1045   SER      -101.392  -22.299   177.539
1046   TYR      -174.505  142.063   -177.917
1047   ILE      -85.997   141.936   -178.085
1048   VAL      -126.764  115.998   177.865
1049   GLU      -101.664  161.076   -179.466
1050   THR      -126.811  -173.675  -178.995
1051   SER      -70.064   -12.832   -179.784
1052   ASN      -126.451  46.291    178.588
1053   SER      -100.204  71.613    -178.821
1054   GLU      -111.041  2.766     -179.973
1055   ASN      -91.563   95.735    179.984
1056   GLY      -138.034  -99.678   179.423
1057   THR      -78.024   96.172    -179.67
1058   CYS      -73.308   -36.666   177.958
1059   TYR      -95.893   116.028   -179.543
1060   PRO      -40.354   144.378   179.926
1061   GLY      160.686   -160.771  -179.853
1062   ASP      -124.883  147.253   179.58
1063   PHE      -114.502  88.765    -179.016
1064   ILE      -52.378   129.754   179.998
1065   ASP      54.041    44.354    -178.891
1066   TYR      -65.273   -48.434   179.196
1067   GLU      -57.322   -42.178   178.929
1068   GLU      -64.842   -29.067   179.416
1069   LEU      -67.962   -45.374   178.951
1070   ARG      -57.541   -45.37    179.607
1071   GLU      -58.475   -38.964   178.971
1072   GLN      -64.06    -48.438   -179.928
1073   LEU      -57.55    -26.639   179.999
1074   SER      -62.384   -14.95    178.742
1075   SER      -117.293  26.002    179.117
1076   VAL      -113.769  124.167   -178.893
1077   SER      -100.675  -19.343   -179.173
1078   SER      -173.923  158.323   179.046
1079   PHE      -149.901  176.13    177.854
1080   GLU      -125.788  110.867   179.85
1081   LYS      -76.36    136.522   179.734
1082   PHE      -154.657  135.677   179.508
1083   GLU      -63.853   100.123   -178.891
1084   ILE      -72.289   -38.183   -179.811
1085   PHE      -129.889  85.755    -179.848
1086   PRO      -43.832   125.383   -178.954
1087   LYS      -50.459   -52.863   179.176
1088   THR      -101.242  85.744    -179.413
1089   SER      166.845   -57.845   -178.345
1090   SER      -81.992   -0.593    -177.471
1091   TRP      -128.751  59.137    178.957
1092   PRO      -83.397   177.584   179.798
1093   ASN      63.389    -20.623   179.666
1094   HIS      -121.888  144.39    -178.844
1095   GLU      -93.85    117.578   -179.399
1096   THR      -70.617   -65.154   -179.137
1097   THR      -62.89    163.796   -179.635
1098   LYS      79.35     37.035    178.783
1099   GLY      -123.249  65.04     -179.057
1100   VAL      -134.128  164.864   179.49
1101   THR      -145.862  165.413   -179.936
1102   ALA      -76.949   -24.25    179.646
1103   ALA      -56.853   -35.85    179.046
1104   CYS      -117.101  63.085    -179.102
1105   SER      -78.52    163.405   -179.688
1106   TYR      -150.251  127.118   -179.492
1107   ALA      67.329    -10.555   -179.67
1108   GLY      132.839   -29.259   179.91
1109   ALA      -85.365   174.305   179.224
1110   SER      -86.827   152.576   -179.465
1111   SER      -158.763  -166.147  -179.352
1112   PHE      -151.966  -179.128  -179.499
1113   TYR      -64.551   144.94    -178.766
1114   ARG      -81.568   -9.255    -178.337
1115   ASN      -112.738  -12.809   -179.881
1116   LEU      -115.973  140.747   -179.086
1117   LEU      -112.842  127.527   -179.545
1118   TRP      -91.14    97.351    -179.942
1119   LEU      -82.911   125.331   179.024
1120   THR      -122.745  156.408   -179.094
1121   LYS      -50.02    133.614   179.502
1122   LYS      -91.139   83.024    -178.805
1123   GLY      64.896    75.628    -179.662
1124   SER      39.331    22.91     -179.462
1125   SER      -125.307  85.834    179.386
1126   TYR      -106.27   84.002    179.923
1127   PRO      -64.882   168.019   179.483
1128   LYS      -79.652   104.49    -179.449
1129   LEU      -83.842   152.783   179.424
1130   SER      -154.311  104.209   -179.504
1131   LYS      -118.254  153.201   -179.831
1132   SER      -141.687  163.466   179.192
1133   TYR      -145.201  142.194   178.933
1134   VAL      -113.599  130.619   -178.813
1135   ASN      -78.606   95.761    178.772
1136   ASN      -117.411  69.74     -179.306
1137   LYS      -133.826  -15.991   -179.081
1138   GLY      79.374    -1.448    -179.394
1139   LYS      -121.229  -159.692  178.113
1140   GLU      -105.366  144.814   178.802
1141   VAL      -116.942  126.117   179.489
1142   LEU      -92.175   114.169   -179.802
1143   VAL      -109.722  124.162   179.636
1144   LEU      -116.954  146.678   179.552
1145   TRP      -160.329  171.656   -179.416
1146   GLY      -137.217  173.196   179.578
1147   VAL      -140.138  123.884   -178.582
1148   HIS      -89.469   144.584   179.067
1149   HIS      -130.132  85.392    179.938
1150   PRO      -56.089   151.867   -179.591
1151   PRO      -70.629   -45.394   -179.031
1152   THR      -121.668  143.493   179.949
1153   GLY      -49.367   -28.055   179.933
1154   THR      -60.976   -46.458   -179.176
1155   ASP      -65.059   -34.751   179.063
1156   GLN      -54.837   -43.195   179.964
1157   GLN      -58.754   -60.973   -178.315
1158   SER      -60.641   -11.817   -178.925
1159   LEU      -105.714  -51.936   -179.043
1160   TYR      -123.411  9.449     -179.286
1161   GLN      68.139    -94.687   179.759
1162   ASN      -27.02    121.827   -179.283
1163   ALA      -64.626   -40.378   179.894
1164   ASP      -123.043  88.089    179.685
1165   ALA      -99.171   -178.135  179.234
1166   TYR      -158.489  162.938   179.078
1167   VAL      -129.736  139.285   -179.115
1168   SER      -143.115  108.295   179.84
1169   VAL      -99.184   146.688   -179.518
1170   GLY      -166.816  149.162   178.971
1171   SER      -150.637  -153.07   -179.428
1172   SER      -73.584   -46.742   179.858
1173   LYS      -102.148  -21.454   -179.795
1174   TYR      -97.414   141.788   179.703
1175   ASN      -163.808  115.418   -179.741
1176   ARG      -162.733  146.516   -178.705
1177   ARG      -129.311  132.93    -178.718
1178   PHE      -114.023  151.84    179.31
1179   THR      -137.72   132.352   -179.841
1180   PRO      -53.806   136.797   178.627
1181   GLU      -117.762  73.757    -179.257
1182   ILE      -67.064   135.567   -179.318
1183   ALA      -168.923  -167.151  -179.583
1184   ALA      -114.144  117.849   -179.313
1185   ARG      -134.599  149.694   179.739
1186   PRO      -48.857   161.791   179.902
1187   LYS      -88.521   131.441   178.866
1188   VAL      -126.188  114.793   -177.77
1189   ARG      58.26     38.462    -179.521
1190   ASP      60.417    62.223    -179.765
1191   GLN      -160.572  126.727   178.449
1192   ALA      -104.231  -1.675    178.509
1193   GLY      -93.682   170.415   -179.051
1194   ARG      -136.908  172.724   179.536
1195   MET      -158.619  116.327   -179.975
1196   ASN      -96.258   131.986   -179.315
1197   TYR      -100.328  144.257   -178.239
1198   TYR      -134.389  167.606   179.663
1199   TRP      -159.411  166.099   178.549
1200   THR      -172.274  152.066   179.928
1201   LEU      -98.568   112.045   -179.132
1202   LEU      -83.188   122.6     -179.525
1203   GLU      -71.106   160.107   179.871
1204   PRO      -62.015   116.213   179.921
1205   GLY      105.746   -47.193   -179.779
1206   ASP      -53.278   165.319   -179.42
1207   THR      -129.342  132.791   177.8
1208   ILE      -101.358  142.892   -178.161
1209   THR      -138.626  111.03    178.267
1210   PHE      -87.871   147.952   179.042
1211   GLU      -154.575  105.343   -179.358
1212   ALA      -131.828  170.732   179.47
1213   THR      -136.694  32.506    -179.913
1214   GLY      125.969   149.449   179.253
1215   ASN      82.0      -0.941    -179.119
1216   LEU      -86.064   103.655   176.767
1217   ILE      -78.006   105.459   -175.81
1218   ALA      -78.878   153.996   179.899
1219   PRO      -70.611   122.53    178.297
1220   TRP      -108.194  -44.686   177.886
1221   TYR      -126.039  142.261   -179.944
1222   ALA      -130.08   172.883   -178.326
1223   PHE      -129.989  136.898   177.745
1224   ALA      -96.176   116.332   -175.67
1225   LEU      -91.347   140.367   177.875
1226   ASN      -109.911  111.141   -178.846
1227   ARG      -79.743   119.01    177.341
1228   GLY      -122.026  161.622   179.516
1229   SER      -112.672  167.137   179.372
1230   GLY      68.354    28.52     178.507
1231   SER      -116.851  178.998   179.629
1232   GLY      171.654   174.896   179.881
1233   ILE      -103.195  138.486   178.684
1234   ILE      -138.778  158.483   178.662
1235   THR      -113.401  117.857   -178.547
1236   SER      -155.002  146.736   177.99
1237   ASP      -112.065  21.938    179.117
1238   ALA      -83.929   141.684   -179.903
1239   PRO      -61.546   139.437   178.419
1240   VAL      -88.078   134.982   178.739
1241   HIS      -132.997  172.184   179.051
1242   ASP      -89.575   75.391    -178.811
1243   CYS      -135.02   141.972   179.712
1244   ASN      -110.665  141.76    -179.861
1245   THR      -145.437  171.947   178.78
1246   LYS      -110.227  -12.526   -179.327
1247   CYS      -145.13   118.591   -179.521
1248   GLN      -117.756  144.528   178.791
1249   THR      -140.011  160.959   179.818
1250   PRO      -57.488   -18.358   179.787
1251   HIS      -92.992   -21.069   -179.726
1252   GLY      155.175   177.372   179.696
1253   ALA      -86.217   148.716   179.64
1254   ILE      -115.431  145.162   179.065
1255   ASN      -138.05   87.261    -178.564
1256   SER      -146.039  166.733   177.547
1257   SER      -123.463  11.124    178.963
1258   LEU      -75.072   152.191   -179.548
1259   PRO      -71.597   -24.829   -179.324
1260   PHE      -130.8    164.511   178.233
1261   GLN      -151.853  149.919   -179.869
1262   ASN      -127.108  38.244    -178.623
1263   ILE      -92.397   -48.418   -178.187
1264   HIS      -169.19   137.802   179.534
1265   PRO      -70.474   -27.239   178.777
1266   VAL      -79.201   127.812   -175.275
1267   THR      -140.764  150.087   177.447
1268   ILE      -141.608  121.943   -179.264
1269   GLY      113.969   -135.478  178.215
1270   GLU      -124.774  104.895   -177.8
1271   CYS      -121.33   179.015   178.949
1272   PRO      -79.773   166.451   -179.219
1273   LYS      -75.958   127.214   179.111
1274   TYR      -68.412   140.47    -176.811
1275   VAL      -153.246  155.148   -179.903
1276   ARG      -85.625   -6.895    -178.316
1277   SER      -54.364   151.833   178.305
1278   THR      -100.577  -34.493   -178.649
1279   LYS      -144.007  137.515   178.468
1280   LEU      -144.557  80.553    -179.964
1281   ARG      -110.002  125.465   -179.412
1282   MET      -103.918  122.829   179.081
1283   ALA      -64.959   150.163   177.778
1284   THR      -133.451  -43.841   179.219
1285   GLY      -81.751   -160.664  -179.304
1286   LEU      -112.987  176.887   179.535
1287   ARG      -57.003   123.512   -178.251
1288   ASN      -87.545   106.277   179.953
1289   ILE      -116.52   88.516    179.835
1290   PRO      -56.959   -48.661   179.749
1291   ALA      43.997    29.333    -179.733
1292   ARG      -49.124   16.354    43.11
1293   GLY      154.832   126.349   -179.543
1294   LEU      -57.471   -25.475   -179.88
1295   PHE      -109.664  10.972    177.725
1296   GLY      62.441    -1.215    179.886
1297   ALA      -84.215   -80.468   -178.871
1298   ILE      -56.589   132.153   -178.942
1299   ALA      55.392    27.666    179.927
1300   GLY      -128.874  -118.814  -179.358
1301   PHE      -69.414   -4.802    176.737
1302   ILE      -122.985  74.191    -177.778
1303   GLU      -27.169   -47.061   -178.323
1304   GLY      -147.927  -177.3    -179.191
1305   GLY      -103.86   160.009   -179.459
1306   TRP      -95.106   101.594   178.661
1307   THR      -60.083   -16.637   179.82
1308   GLY      -71.266   -65.44    -179.7
1309   MET      -49.624   121.388   -178.961
1310   ILE      -132.928  25.644    179.92
1311   ASP      -99.505   -15.135   -179.11
1312   GLY      -179.302  -162.091  -178.881
1313   TRP      -92.877   -35.66    -179.152
1314   TYR      -122.426  139.156   179.998
1315   GLY      -164.042  -166.909  -179.764
1316   TYR      -120.979  159.591   178.558
1317   HIS      -96.191   -81.031   179.056
1318   HIS      82.748    124.595   -179.599
1319   GLN      -135.009  84.667    -179.542
1320   ASN      -103.876  155.609   179.648
1321   GLU      -35.765   -59.008   -179.363
1322   GLN      -49.292   -9.492    179.397
1323   GLY      129.395   172.711   -179.746
1324   SER      -97.488   -162.911  -179.876
1325   GLY      149.187   -178.345  179.397
1326   TYR      -136.339  146.614   179.005
1327   ALA      -154.091  118.062   -179.76
1328   ALA      -78.867   147.327   179.912
1329   ASP      -89.604   112.211   -179.622
1330   GLN      -56.658   -53.708   179.041
1331   LYS      -37.884   -61.506   -179.531
1332   SER      -60.665   -68.99    -178.57
1333   THR      -46.584   -39.362   -179.723
1334   GLN      -69.217   -38.907   179.069
1335   ASN      -64.843   -48.041   179.45
1336   ALA      -56.186   -44.694   179.464
1337   ILE      -60.063   -50.371   179.91
1338   ASP      -57.293   -41.776   179.296
1339   GLY      -63.5     -64.384   -179.953
1340   ILE      -47.365   -42.465   -179.845
1341   THR      -61.538   -44.029   -179.766
1342   ASN      -63.724   -36.339   179.296
1343   LYS      -63.918   -54.343   -179.556
1344   VAL      -57.405   -36.336   179.535
1345   ASN      -70.531   -35.697   -179.673
1346   SER      -66.969   -38.828   179.767
1347   VAL      -66.856   -39.517   179.815
1348   ILE      -72.366   -26.868   179.932
1349   GLU      -67.247   -46.012   -179.266
1350   LYS      -61.931   -16.568   -179.666
1351   MET      -100.296  81.388    179.735
1352   ASN      -56.747   143.98    179.73
1353   THR      -68.37    151.301   -179.257
1354   GLN      -87.976   132.977   178.525
1355   PHE      -97.952   -172.941  -178.869
1356   THR      -45.753   135.055   -179.542
1357   ALA      -155.027  96.251    179.762
1358   VAL      -109.719  162.382   -179.489
1359   GLY      -69.132   -177.317  179.48
1360   LYS      -134.843  159.996   179.295
1361   GLU      -119.346  150.461   -178.343
1362   PHE      -138.246  140.909   179.219
1363   ASN      -80.095   169.023   -177.973
1364   ASN      -63.409   7.324     178.27
1365   LEU      -125.177  17.088    179.103
1366   GLU      -124.538  42.514    -179.039
1367   ARG      -68.152   -44.801   179.85
1368   ARG      -60.967   -48.364   -179.622
1369   ILE      -63.306   -39.686   179.174
1370   GLU      -59.789   -42.95    179.957
1371   ASN      -72.879   -30.38    178.666
1372   LEU      -63.465   -46.607   179.813
1373   ASN      -60.717   -37.659   -179.398
1374   LYS      -66.968   -43.361   179.517
1375   LYS      -61.308   -41.861   179.514
1376   VAL      -63.485   -50.569   -179.927
1377   ASP      -58.837   -48.55    179.628
1378   ASP      -64.29    -39.18    179.948
1379   GLY      -58.969   -48.463   179.638
1380   PHE      -64.184   -39.92    -179.529
1381   LEU      -59.894   -41.98    179.05
1382   ASP      -60.063   -48.64    -179.599
1383   ILE      -60.522   -47.802   -179.887
1384   TRP      -63.933   -39.713   179.25
1385   THR      -62.566   -46.314   179.155
1386   TYR      -61.079   -47.32    -179.019
1387   ASN      -60.541   -46.095   -178.692
1388   ALA      -61.204   -54.267   -179.485
1389   GLU      -57.694   -41.861   -179.4
1390   LEU      -67.834   -44.306   -179.099
1391   LEU      -56.071   -48.728   179.485
1392   VAL      -59.293   -48.417   179.46
1393   LEU      -55.521   -48.611   -178.651
1394   LEU      -69.902   -42.599   179.609
1395   GLU      -69.132   -29.105   178.702
1396   ASN      -62.574   -46.374   178.822
1397   GLU      -56.555   -45.173   -179.566
1398   ARG      -63.299   -34.474   -179.317
1399   THR      -70.01    -48.156   -179.5
1400   LEU      -59.611   -39.464   179.4
1401   ASP      -69.316   -31.048   179.796
1402   PHE      -58.188   -52.631   179.592
1403   HIS      -57.64    -48.901   179.362
1404   ASP      -52.691   -46.041   179.176
1405   SER      -63.43    -45.654   179.566
1406   ASN      -55.418   -47.918   178.895
1407   VAL      -59.902   -54.54    179.87
1408   ARG      -53.998   -38.856   -179.166
1409   ASN      -67.172   -34.911   179.21
1410   LEU      -66.473   -47.189   179.229
1411   TYR      -48.188   -58.292   -178.984
1412   GLU      -68.574   -8.228    178.417
1413   LYS      -83.47    -32.196   178.681
1414   VAL      -79.753   -53.725   179.647
1415   LYS      -47.23    -37.243   -179.325
1416   SER      -77.111   -14.916   178.777
1417   GLN      -80.952   -57.968   -179.86
1418   LEU      -57.431   -75.126   -179.554
1419   LYS      80.854    -103.105  -179.297
1420   ASN      -83.592   -36.861   -178.003
1421   ASN      -56.85    1.545     179.083
1422   ALA      -168.068  162.168   -179.452
1423   LYS      -123.241  143.053   -179.979
1424   GLU      -71.943   119.359   179.2
1425   ILE      -96.622   -102.937  179.357
1426   GLY      -143.04   179.192   179.753
1427   ASN      40.395    37.493    178.296
1428   GLY      59.114    36.294    178.287
1429   CYS      -111.025  146.222   178.477
1430   PHE      -112.936  146.0     178.618
1431   GLU      -113.75   115.099   -178.906
1432   PHE      -64.187   145.26    177.961
1433   TYR      -97.717   -46.626   -179.814
1434   HIS      -89.334   30.81     179.698
1435   LYS      14.703    104.702   -178.765
1436   CYS      -110.619  153.0     -178.54
1437   ASP      -85.218   -174.483  179.649
1438   ASP      -62.46    -31.438   179.361
1439   ALA      -69.577   -26.649   -179.456
1440   CYS      -85.936   -41.289   179.224
1441   MET      -54.837   -32.549   -179.735
1442   GLU      -75.095   -8.715    178.287
1443   SER      -94.105   -16.825   179.348
1444   VAL      -83.52    -59.265   178.485
1445   ARG      -73.384   41.253    -178.381
1446   ASN      -152.487  -28.789   179.301
1447   GLY      97.56     -3.336    179.841
1448   THR      -75.9     -71.841   178.565
1449   TYR      40.719    -89.641   -179.843
1450   ASP      67.085    109.557   -179.566
1451   TYR      165.297   74.295    -179.75
1452   PRO      -44.79    N/A       N/A
